-1.31849
-1.24078
-1.49182
-1.11356
-1.27723
-1.71968
-1.90186
-1.33387
-1.37771
-0.972538
-1.10557
-1.13884
-1.68646
-1.62195
-1.59731
-1.31219
-1.47262
-1.30841
-1.55215
-1.63941
-1.74498
-1.79968
-2.56981
-2.74985
-2.02117
-3.54602
-3.40608
-2.63617
-1.48213
-1.81974
-2.04262
-1.93975
-2.07099
-2.09464
-1.79241
-1.22056
-1.48235
-2.94823
-5.35872
-4.59959
-6.16945
-4.4105
-7.05158
-4.96044
-6.89607
-5.3243
-6.39914
-4.37084
-4.24186
-4.79585
-5.891
-4.5383
-3.09226
-2.91034
-1.42703
-2.47411
-4.29086
-5.1629
-6.58045
-4.30553
-6.52106
-4.57142
-6.78277
-4.32095
-7.62587
-4.13181
-6.90448
-4.9318
-5.75292
-4.53709
-4.50936
-4.11109
-3.83369
-4.10259
-3.74659
-1.12754
-1.23688
-3.25087
-6.25589
-5.03478
-7.56724
-4.79665
-7.5559
-5.45191
-7.91725
-4.24332
-6.96799
-4.0164
-4.61709
-4.83813
-3.42448
-3.67671
-3.91176
-2.89057
-2.50831
-1.33229
-1.38651
-2.40805
-6.11982
-4.43075
-6.57877
-4.6078
-8.06462
-4.61757
-8.15102
-4.53177
-7.57622
-3.42674
-2.98155
-2.71256
-4.11928
-3.266
-3.04655
-2.25971
-1.52272
-1.6639
-1.47793
-2.8594
-6.09288
-4.58149
-7.0924
-5.12238
-7.6334
-5.35864
-7.50475
-4.84907
-7.62945
-4.78468
-5.02165
-5.22056
-2.96068
-3.10288
-3.36182
-1.63818
-1.1412
-5.10921
-5.40443
-4.15795
-7.38742
-4.29377
-7.53509
-4.84991
-7.21005
-5.29015
-6.77726
-5.08433
-5.05316
-4.60957
-3.68133
-2.76308
-3.14143
-2.83211
-1.37725
-1.18138
-1.07798
-2.76896
-6.03375
-3.57105
-7.67612
-4.62209
-7.26534
-4.87449
-7.27348
-4.72343
-8.074
-4.65045
-7.57094
-4.79595
-7.59244
-4.12945
-8.23764
-3.66886
-7.75494
-4.324
-7.76158
-4.38467
-8.3361
-4.22342
-6.72518
-5.54708
-5.55861
-3.77223
-3.08115
-2.63059
-2.5938
-2.61727
-2.58267
-2.47381
-2.48007
-1.86722
-1.87707
-1.96308
-1.96337
-1.92734
-1.25093
-4.42307
-5.84744
-4.29354
-6.8748
-4.99644
-7.6635
-5.42346
-7.60867
-4.9573
-7.15896
-4.63558
-4.27108
-4.22463
-5.06326
-3.38579
-2.79851
-2.61049
-3.03877
-1.29139
-1.41771
-2.82454
-6.053
-3.87222
-6.46669
-4.18821
-6.90408
-4.1653
-5.97775
-4.41602
-6.84579
-4.32876
-3.47872
-3.97164
-3.3823
-2.99535
-2.35302
-1.31951
-1.33592
-2.59923
-6.62534
-4.60814
-6.44548
-4.24577
-6.04387
-4.12143
-6.26081
-3.84762
-4.26078
-3.6138
-4.01759
-2.92604
-2.9001
-2.84667
-2.86916
-1.36165
-1.65906
-3.26338
-6.05713
-4.54191
-6.47646
-4.61768
-6.98817
-4.72303
-6.00597
-4.95619
-3.90871
-3.66438
-2.65984
-2.00689
-2.26618
-2.17777
-2.29558
-1.5128
-1.44683
-3.47478
-7.09048
-5.45559
-7.24428
-5.34696
-8.02861
-6.23671
-6.8902
-5.27837
-6.56479
-5.29378
-7.41172
-4.47601
-2.98354
-2.83434
-2.61465
-1.46071
-1.039
-1.84835
-6.17888
-5.24418
-7.34899
-4.74672
-6.68618
-4.27187
-7.08615
-4.42179
-6.30804
-4.45729
-5.34121
-4.24081
-3.43415
-3.02156
-2.74516
-2.65905
-1.15829
-3.57208
-4.30244
-4.55428
-6.69803
-5.11051
-6.81049
-5.17448
-7.35174
-4.91816
-7.4111
-4.69974
-7.81307
-4.90849
-7.56499
-5.30729
-8.21349
-5.98209
-8.33733
-6.64205
-8.0858
-6.08237
-8.0626
-5.58746
-6.22314
-5.87568
-3.5618
-4.02866
-3.1153
-3.13964
-2.87047
-2.8744
-3.29043
-2.90148
-2.62561
-2.383
-2.53185
-2.00521
-0.986567
-4.72444
-5.68872
-5.32758
-6.80752
-6.0013
-7.08889
-5.27442
-7.94311
-4.45625
-8.56629
-4.5599
-7.85468
-5.35388
-6.68436
-4.64634
-3.1146
-2.95401
-1.3605
-5.63569
-5.99704
-4.88493
-6.41413
-4.73871
-6.97124
-5.93787
-7.0871
-5.48896
-6.79553
-4.79911
-4.21473
-4.21795
-3.50355
-3.2472
-3.12939
-2.62682
-1.42067
-3.54239
-6.00627
-4.48081
-6.55049
-4.0007
-6.87224
-4.39924
-7.21555
-3.94974
-6.19667
-4.10857
-5.21885
-4.58488
-3.23354
-3.05662
-2.79778
-1.2679
-1.41343
-2.98422
-5.85447
-4.46051
-6.0172
-4.35086
-7.02987
-4.34799
-6.9753
-5.17627
-3.9526
-3.2687
-3.85945
-3.44794
-3.23424
-3.14495
-2.83785
-1.37339
-1.35747
-2.79701
-5.099
-4.62748
-6.37425
-4.87934
-7.28273
-4.79573
-5.67541
-4.7066
-5.06146
-5.01608
-4.68695
-3.42049
-2.6851
-2.45253
-2.84945
-2.77846
-2.55239
-1.5656
-1.68677
-3.54944
-6.79241
-4.87343
-6.42121
-4.40791
-6.17096
-4.0967
-4.80836
-5.09638
-4.14235
-3.06098
-2.62061
-2.19263
-2.25936
-2.62382
-2.70488
-1.19174
-1.18475
-2.44582
-6.72366
-4.15992
-6.84505
-4.35397
-7.16117
-4.39336
-7.68802
-4.96234
-6.58937
-4.99012
-7.46008
-5.28084
-7.79108
-5.24339
-8.40626
-4.51985
-8.52177
-4.24673
-8.0991
-5.30285
-6.4063
-6.97644
-1.49683
-2.18031
-2.14624
-1.37674
-1.50337
-1.45237
-1.89265
-1.73422
-1.97057
-1.51806
-1.94513
-2.09414
-2.01508
-2.31727
-3.56336
-3.48005
-3.15742
-2.96543
-3.1398
-2.3388
-2.30228
-1.20663
-1.55414
-2.74302
-6.25266
-4.55125
-7.05216
-4.93077
-6.58649
-5.26894
-6.25756
-4.09407
-3.08188
-3.2516
-3.41919
-3.28659
-3.2474
-0.857777
-1.21598
-2.25947
-6.38296
-4.2279
-7.1051
-4.7744
-7.60195
-5.4656
-5.44325
-3.29608
-4.65678
-3.45564
-3.09527
-1.94628
-2.75279
-5.35101
-6.6472
-5.44982
-6.20495
-4.29842
-1.50262
-2.86346
-6.06651
-4.86161
-7.20227
-4.57618
-7.43834
-4.82627
-7.5061
-4.92383
-4.68239
-3.87684
-4.53207
-3.93288
-3.71829
-3.58389
-3.42131
-2.71681
-1.02509
-3.90716
-5.08006
-4.92522
-6.66404
-5.13632
-7.33129
-5.22056
-7.24375
-5.13537
-5.47241
-4.9428
-5.50774
-4.74197
-4.345
-4.17175
-3.87662
-2.94369
-1.11413
-2.7266
-5.37807
-4.00419
-6.58929
-4.95092
-7.07528
-4.41587
-7.1329
-4.31702
-5.95687
-4.97846
-2.30069
-2.41264
-3.46848
-3.24166
-3.2265
-3.41413
-3.1285
-1.37641
-1.45228
-2.20175
-5.62251
-4.81389
-6.3696
-4.65622
-6.78833
-4.49548
-6.16557
-4.10607
-3.87107
-5.66896
-4.09166
-4.3962
-4.46089
-4.24799
-3.79004
-1.42554
-1.71597
-3.16953
-5.87483
-3.85361
-5.56267
-4.33634
-6.15387
-4.7882
-5.68455
-4.08423
-5.70931
-3.9813
-5.46893
-3.75148
-5.23165
-3.57463
-5.92651
-3.7782
-5.69157
-3.94093
-5.25627
-4.34827
-5.26165
-4.73129
-5.43886
-5.072
-6.72659
-7.20135
-6.09688
-3.7589
-4.42553
-3.12706
-3.29821
-2.91772
-2.14116
-2.36002
-2.68148
-2.99694
-2.61536
-2.25235
-2.14067
-1.99806
-2.33292
-2.62101
-2.67019
-2.10892
-1.89263
-1.80629
-2.27665
-2.33563
-2.32073
-2.35984
-2.44457
-2.54921
-2.51949
-2.34924
-2.37666
-1.47017
-1.34675
-1.68272
-2.27778
-2.42592
-3.07898
-2.9298
-2.58361
-2.69736
-2.45974
-2.68224
-2.86062
-2.52938
-2.10659
-1.77419
-1.65394
-1.66143
-2.59385
-2.22078
-2.24287
