1022.33
990.044
602.635
850.146
839.385
20446.6
20123.7
6747.36
6801.17
15033.6
850.146
3432.87
3680.38
7500.66
3120.79
3153.07
3077.75
2862.52
2851.76
2905.56
2873.28
2808.71
634.919
656.442
473.499
398.17
387.408
301.318
4336.82
473.499
495.022
4326.06
1431.26
882.43
828.624
807.101
538.067
527.306
495.022
473.499
473.499
473.499
462.738
473.499
505.783
484.261
484.261
505.783
484.261
430.454
495.022
505.783
484.261
473.499
473.499
570.351
677.965
677.965
516.545
505.783
473.499
473.499
473.499
505.783
484.261
484.261
495.022
495.022
462.738
430.454
764.056
462.738
473.499
505.783
473.499
484.261
591.874
710.249
764.056
764.056
753.294
774.817
764.056
753.294
764.056
753.294
785.578
774.817
344.363
365.886
828.624
774.817
774.817
398.17
398.17
7489.9
710.249
807.101
785.578
774.817
753.294
742.533
764.056
764.056
731.772
753.294
753.294
764.056
785.578
376.647
764.056
731.772
753.294
774.817
753.294
7931.11
430.454
462.738
408.931
441.215
430.454
408.931
441.215
430.454
408.931
441.215
430.454
441.215
419.693
419.693
462.738
462.738
441.215
451.977
419.693
430.454
451.977
441.215
430.454
408.931
441.215
419.693
408.931
419.693
408.931
419.693
430.454
387.408
441.215
398.17
441.215
430.454
408.931
419.693
559.59
441.215
408.931
398.17
774.817
387.408
365.886
398.17
376.647
365.886
398.17
376.647
387.408
365.886
398.17
376.647
387.408
774.817
785.578
753.294
764.056
398.17
753.294
365.886
398.17
376.647
365.886
441.215
742.533
774.817
785.578
753.294
398.17
387.408
376.647
419.693
764.056
753.294
807.101
764.056
807.101
430.454
677.965
688.726
710.249
699.488
699.488
699.488
721.01
688.726
688.726
688.726
688.726
710.249
688.726
688.726
688.726
699.488
688.726
817.862
753.294
710.249
710.249
721.01
688.726
710.249
710.249
699.488
699.488
721.01
688.726
688.726
419.693
688.726
667.204
677.965
667.204
645.681
656.442
645.681
624.158
624.158
602.635
634.919
624.158
624.158
656.442
624.158
624.158
624.158
344.363
645.681
624.158
656.442
656.442
17196.6
462.738
581.113
656.442
634.919
613.397
602.635
602.635
613.397
613.397
602.635
602.635
570.351
365.886
312.079
290.556
312.079
624.158
764.056
656.442
613.397
591.874
613.397
613.397
613.397
613.397
591.874
591.874
591.874
591.874
570.351
538.067
538.067
581.113
559.59
591.874
559.59
548.829
581.113
570.351
559.59
548.829
548.829
527.306
538.067
538.067
538.067
538.067
559.59
570.351
462.738
581.113
516.545
548.829
581.113
538.067
462.738
473.499
484.261
484.261
484.261
473.499
505.783
484.261
505.783
505.783
495.022
505.783
495.022
505.783
527.306
495.022
505.783
505.783
505.783
505.783
505.783
505.783
505.783
505.783
548.829
527.306
516.545
495.022
516.545
527.306
538.067
495.022
505.783
451.977
505.783
495.022
516.545
5025.55
688.726
441.215
398.17
408.931
387.408
376.647
387.408
387.408
387.408
387.408
365.886
398.17
376.647
365.886
376.647
398.17
398.17
408.931
516.545
505.783
387.408
387.408
365.886
365.886
398.17
398.17
398.17
376.647
387.408
387.408
408.931
774.817
774.817
387.408
807.101
484.261
365.886
645.681
688.726
688.726
688.726
710.249
710.249
699.488
721.01
710.249
731.772
398.17
376.647
688.726
688.726
656.442
7715.89
398.17
602.635
699.488
677.965
677.965
688.726
667.204
699.488
677.965
688.726
667.204
602.635
688.726
688.726
667.204
699.488
677.965
850.146
505.783
495.022
656.442
634.919
645.681
656.442
656.442
645.681
667.204
677.965
667.204
677.965
656.442
699.488
699.488
333.602
559.59
570.351
677.965
946.999
398.17
656.442
634.919
634.919
656.442
656.442
677.965
645.681
667.204
677.965
656.442
634.919
645.681
624.158
656.442
656.442
634.919
7575.99
699.488
365.886
516.545
570.351
591.874
581.113
538.067
559.59
570.351
559.59
548.829
570.351
559.59
548.829
548.829
548.829
527.306
538.067
538.067
538.067
538.067
559.59
548.829
548.829
527.306
387.408
3346.78
2701.1
2884.04
2830.23
2808.71
2830.23
2819.47
2841
2851.76
2819.47
2916.33
2959.37
3120.79
387.408
408.931
376.647
376.647
430.454
408.931
527.306
527.306
430.454
387.408
365.886
398.17
376.647
387.408
365.886
344.363
365.886
764.056
376.647
785.578
742.533
764.056
731.772
721.01
387.408
398.17
398.17
376.647
387.408
365.886
398.17
387.408
333.602
365.886
753.294
753.294
548.829
408.931
398.17
807.101
785.578
408.931
333.602
721.01
688.726
699.488
677.965
667.204
677.965
688.726
667.204
667.204
699.488
645.681
473.499
667.204
677.965
677.965
688.726
667.204
699.488
699.488
785.578
602.635
634.919
688.726
688.726
667.204
677.965
688.726
667.204
699.488
677.965
667.204
699.488
699.488
677.965
677.965
688.726
8253.95
451.977
591.874
624.158
634.919
634.919
624.158
634.919
634.919
645.681
645.681
645.681
290.556
322.84
624.158
634.919
634.919
645.681
624.158
7801.98
473.499
613.397
624.158
624.158
624.158
634.919
613.397
624.158
656.442
634.919
634.919
441.215
602.635
634.919
624.158
634.919
634.919
613.397
419.693
581.113
570.351
581.113
559.59
581.113
591.874
581.113
559.59
591.874
570.351
559.59
591.874
570.351
581.113
581.113
613.397
581.113
581.113
581.113
581.113
559.59
591.874
581.113
591.874
581.113
559.59
591.874
516.545
581.113
570.351
581.113
613.397
538.067
290.556
634.919
559.59
527.306
548.829
753.294
731.772
538.067
365.886
419.693
365.886
430.454
484.261
774.817
796.34
322.84
1108.42
581.113
473.499
441.215
408.931
462.738
430.454
484.261
430.454
333.602
570.351
430.454
451.977
473.499
2819.47
2733.38
2787.19
839.385
419.693
408.931
817.862
21608.8
21501.2
11676.1
398.17
710.249
2259.88
