0.312821
0.278144
0.274969
0.292063
0.297192
0.286935
0.2779
0.244933
0.229304
0.252503
0.197802
0.118437
0.0962149
0.0932845
0.0954823
0.0915751
0.0903541
0.0910867
0.0788767
0.0700855
0.0725275
0.0617827
0.0368742
0.0620269
0.0717949
0.0307692
0.0693529
0.142125
0.127228
0.0857143
0.0747253
0.0705739
0.0769231
0.0786325
0.0815629
0.0937729
0.0632479
0.0283272
0.0251526
0.020757
0.0188034
0.015873
0.0144078
0.0126984
0.0102564
0.00805861
0.00927961
0.0112332
0.00708181
0.00659341
0.00854701
0.0236874
0.0363858
0.0227106
0.0202686
0.0500611
0.0398046
0.00805861
0.00708181
0.00561661
0.00586081
0.00586081
0.00586081
0.00708181
0.00659341
0.00732601
0.00781441
0.00634921
0.00561661
0.00781441
0.0173382
0.0210012
0.0141636
0.01221
0.01221
0.0175824
0.0407814
0.0339438
0.0131868
0.0139194
0.0129426
0.013431
0.0144078
0.0161172
0.0168498
0.0153846
0.0190476
0.0192918
0.00903541
0.0180708
0.0251526
0.0180708
0.0297924
0.0473748
0.0503053
0.0520147
0.0603175
0.0395604
0.0141636
0.0144078
0.0168498
0.0173382
0.0168498
0.017094
0.0148962
0.0129426
0.0148962
0.0200244
0.0163614
0.0141636
0.0212454
0.0344322
0.039072
0.042735
0.0666667
0.0871795
0.0661783
0.0222222
0.00757021
0.00757021
0.00537241
0.0041514
0.00903541
0.0131868
0.0105006
0.0100122
0.0100122
0.00708181
0.004884
0.0168498
0.0420024
0.0485958
0.045177
0.0571429
0.0715507
0.0520147
0.0175824
0.00683761
0.00586081
0.00708181
0.00854701
0.00830281
0.00659341
0.004884
0.00512821
0.00634921
0.00561661
0.00537241
0.0251526
0.0456654
0.0459096
0.0424908
0.0422466
0.0774115
0.0996337
0.0495726
0.014652
0.0156288
0.0131868
0.013431
0.0136752
0.0166056
0.0212454
0.025641
0.0285714
0.0297924
0.028083
0.0246642
0.026862
0.031746
0.0302808
0.0236874
0.0227106
0.0246642
0.02442
0.0239316
0.0246642
0.0188034
0.0124542
0.00830281
0.00830281
0.0253968
0.0358974
0.0400488
0.0505495
0.0551893
0.0659341
0.0671551
0.0649573
0.0681319
0.0671551
0.0671551
0.0771673
0.0717949
0.0671551
0.0559219
0.019536
0.0107448
0.0114774
0.0102564
0.0141636
0.0148962
0.0141636
0.0141636
0.0141636
0.0161172
0.0148962
0.00952381
0.00708181
0.0190476
0.0471306
0.0620269
0.041514
0.0495726
0.0512821
0.0241758
0.0227106
0.023199
0.0229548
0.0212454
0.0190476
0.0190476
0.0173382
0.0126984
0.00879121
0.00952381
0.00903541
0.00781441
0.0283272
0.0625153
0.0595849
0.0498168
0.0534799
0.0312576
0.01221
0.010989
0.0100122
0.0102564
0.0107448
0.0102564
0.0107448
0.0107448
0.0148962
0.013431
0.0249084
0.0356532
0.023199
0.0180708
0.0310134
0.0647131
0.0561661
0.0210012
0.0124542
0.0100122
0.00952381
0.00879121
0.00952381
0.00952381
0.0102564
0.00976801
0.0139194
0.0163614
0.0388278
0.0605617
0.0576313
0.0586081
0.0647131
0.0984127
0.0791209
0.0185592
0.00586081
0.00634921
0.00683761
0.00781441
0.00830281
0.00659341
0.00708181
0.00830281
0.00683761
0.00561661
0.00830281
0.0197802
0.025641
0.0446886
0.0683761
0.0693529
0.0837607
0.0556777
0.00903541
0.00537241
0.00537241
0.00634921
0.00634921
0.00537241
0.00586081
0.00683761
0.00659341
0.00586081
0.00586081
0.015873
0.0234432
0.0371184
0.0417582
0.0385836
0.0703297
0.0778999
0.0380952
0.0100122
0.00683761
0.00781441
0.00708181
0.00610501
0.00561661
0.00561661
0.00586081
0.00561661
0.00610501
0.00659341
0.00561661
0.00537241
0.00561661
0.00537241
0.00561661
0.00537241
0.004884
0.00586081
0.00659341
0.00561661
0.00634921
0.0107448
0.0129426
0.0214896
0.0266178
0.0205128
0.0442002
0.0520147
0.0351648
0.0371184
0.0454212
0.0544567
0.0551893
0.0615385
0.0808303
0.0700855
0.0295482
0.0117216
0.013431
0.0156288
0.017094
0.0161172
0.0175824
0.0175824
0.0153846
0.0185592
0.0168498
0.0102564
0.0112332
0.026862
0.0334554
0.0310134
0.0510379
0.0593407
0.032967
0.0202686
0.0261294
0.0249084
0.021978
0.0229548
0.0239316
0.023199
0.021978
0.0185592
0.013431
0.010989
0.0163614
0.0302808
0.0349206
0.0395604
0.0627595
0.0471306
0.017094
0.0153846
0.018315
0.0263736
0.026862
0.0251526
0.0295482
0.0312576
0.0285714
0.019536
0.0144078
0.0141636
0.0200244
0.0315018
0.0505495
0.0791209
0.0622711
0.0285714
0.0239316
0.0258852
0.0258852
0.0258852
0.029304
0.0261294
0.023199
0.0180708
0.0153846
0.0161172
0.0144078
0.017094
0.0200244
0.0290598
0.039072
0.0639805
0.0622711
0.034188
0.0205128
0.00927961
0.00927961
0.0112332
0.0136752
0.0136752
0.0144078
0.0197802
0.0175824
0.0107448
0.0141636
0.0324786
0.0600733
0.0625153
0.041514
0.0429792
0.0505495
0.0783883
0.0800977
0.0283272
0.00708181
0.00830281
0.010989
0.0139194
0.0200244
0.0222222
0.0151404
0.013431
0.0246642
0.032967
0.0410256
0.0547009
0.0605617
0.0583639
0.0507937
0.0632479
0.0791209
0.0537241
0.0180708
0.00683761
0.00708181
0.00659341
0.00586081
0.00659341
0.00659341
0.00610501
0.00659341
0.00683761
0.00683761
0.00586081
0.00537241
0.00586081
0.00634921
0.00683761
0.00634921
0.00537241
0.00537241
0.00586081
0.00634921
0.00976801
0.0444444
0.0483516
0.0400488
0.0625153
0.0654457
0.0747253
0.0715507
0.0590965
0.0737485
0.0822955
0.0666667
0.0566545
0.0520147
0.0410256
0.0400488
0.0417582
0.0385836
0.025641
0.0358974
0.0578755
0.0608059
0.0825397
0.0644689
0.0246642
0.0180708
0.0144078
0.0148962
0.0190476
0.0236874
0.018315
0.00927961
0.0217338
0.0363858
0.0334554
0.0376068
0.043956
0.0437118
0.0610501
0.0778999
0.0471306
0.0161172
0.0190476
0.0190476
0.0168498
0.0175824
0.0185592
0.01221
0.0043956
0.0163614
0.0332112
0.0442002
0.0617827
0.0454212
0.0161172
0.0153846
0.0153846
0.00903541
0.00634921
0.0266178
0.028083
0.010989
0.0102564
0.00879121
0.0102564
0.0117216
0.0112332
0.0107448
0.00903541
0.00757021
0.00634921
0.00976801
0.0117216
0.0136752
0.018315
0.0200244
0.0239316
0.0564103
0.0593407
0.0241758
0.0148962
0.0126984
0.0102564
0.0100122
0.00903541
0.00781441
0.00805861
0.010989
0.0102564
0.00708181
0.00976801
0.00903541
0.00903541
0.0139194
0.0263736
0.0551893
0.046398
0.0168498
0.0144078
0.0148962
0.014652
0.0129426
0.0124542
0.0131868
0.0141636
0.0124542
0.0126984
0.0161172
0.0212454
0.026862
0.026862
0.0227106
0.0246642
0.035409
0.0764347
0.0864469
0.0398046
0.018315
0.0166056
0.0139194
0.013431
0.0126984
0.0126984
0.0144078
0.0139194
0.0100122
0.00757021
0.0124542
0.0151404
0.0178266
0.0197802
0.0295482
0.0595849
0.0512821
0.0173382
0.00854701
0.00708181
0.00952381
0.0129426
0.0129426
0.01221
0.0139194
0.0139194
0.010989
0.0112332
0.0144078
0.0156288
0.014652
0.0175824
0.0190476
0.0161172
0.0161172
0.0175824
0.0151404
0.0105006
0.00854701
0.00757021
0.00708181
0.00732601
0.00659341
0.00757021
0.010989
0.0126984
0.0119658
0.0175824
0.0295482
0.0446886
0.0769231
0.0969475
0.0752137
0.0559219
0.0608059
0.0705739
0.0693529
0.0669109
0.0705739
0.0766789
0.0825397
0.0820513
0.0910867
0.0805861
0.0705739
0.0798535
0.0722833
0.0610501
0.0554335
0.0539683
0.0600733
0.0571429
0.0605617
0.0669109
0.0652015
0.0659341
0.0588523
0.0576313
0.0612943
0.0639805
0.0517705
0.0505495
0.0656899
0.0620269
0.0595849
0.0620269
0.0627595
0.0678877
0.0866911
0.0800977
0.0691087
0.0932845
0.0744811
