0.218616
0.179677
0.124691
0.152023
0.188674
1.88966
1.90912
0.643203
0.839483
0.52886
0.462352
0.764238
1.15722
1.10152
0.830488
1.00115
1.22634
1.30381
1.28001
1.04191
0.732862
0.319663
0.131445
0.0758675
0.00757125
0.898097
1.06972
0.179789
0.00479272
0.00317372
0.00381763
0.00341222
0.00302505
0.00407742
0.0040655
7.48095
22.9846
43.3526
61.1127
61.4015
55.9288
68.3142
70.9494
71.7225
77.2381
83.7998
85.9123
52.2383
14.7052
0.562766
0.130172
0.0964143
0.0192621
0.0485211
0.0710892
3.67348
39.1063
68.1287
67.499
71.4878
78.0864
82.5423
90.7002
96.7373
99.5519
96.1351
101.032
65.3725
8.51569
0.456149
0.0199694
0.037686
0.0515653
0.0581873
0.0570782
0.219671
3.14021
50.5594
74.1509
55.6882
54.9202
50.1654
51.2913
49.9335
43.6811
44.0321
44.5127
21.6303
0.58452
0.083003
0.0107188
0.0306679
0.0391506
0.0196023
0.00889149
0.0994302
7.51542
35.8332
51.5349
45.7834
42.342
41.2973
44.6566
44.6058
42.3608
38.9592
40.865
39.4384
18.3909
1.65992
0.0204728
0.0197674
0.0122972
0.0108181
0.0106565
3.6149
7.54868
31.82
53.4428
48.5161
52.5436
60.7203
63.4498
70.7327
74.8791
70.2409
69.6001
42.7923
7.28452
0.320634
0.00637028
0.0133266
0.0185541
0.015526
0.0544769
36.8512
88.1074
76.6913
57.3041
64.4235
67.258
71.19
67.9316
63.9918
66.9438
65.943
34.7254
3.24156
0.0170304
0.00899247
0.0140015
0.0113913
0.0142755
0.042214
2.2975
46.0516
68.3812
43.5269
42.8327
43.6669
41.2475
45.5398
43.5348
40.6988
41.6895
39.0257
43.3342
48.7819
45.0293
42.5611
40.4853
40.3367
44.368
45.6963
46.6448
49.9113
45.9487
44.3414
44.443
20.1323
0.0771096
0.0170574
0.0111504
0.00888191
0.00820203
0.00743979
0.00564138
0.0050232
0.00495732
0.00552658
0.00523723
0.00576966
0.00558239
0.00528341
0.0115741
47.3634
86.6158
69.8875
53.9188
48.1962
46.9425
42.7444
39.7823
40.7811
42.6378
35.6723
24.7427
10.0248
0.0356278
0.0191817
0.00709326
0.00920423
0.0213198
6.47362
13.3231
26.8578
38.1035
33.8209
32.2343
29.6563
28.8829
31.6763
38.803
42.3589
39.6376
21.3382
1.20452
0.0350425
0.0232086
0.0118066
0.00655026
6.68346
13.9857
33.0589
49.9145
44.9492
41.2354
37.525
36.3187
35.1361
31.5858
28.1301
22.6952
10.2909
0.038162
0.0131305
0.0167379
0.0142979
0.0122513
5.0179
10.898
29.1667
42.7513
40.0364
40.3344
36.5807
28.9446
25.4996
26.2735
30.1832
32.2918
15.0216
0.008812
0.00581346
0.00908824
0.00861764
0.00668712
8.52065
19.5298
48.1543
70.9633
59.7247
52.2259
53.3233
58.2588
57.4805
46.3361
52.1073
52.9145
21.0169
0.170326
0.0816601
0.0167687
0.013614
0.00733621
0.00788398
5.11253
20.425
42.8291
64.7771
76.7441
75.557
69.333
63.4973
61.2417
60.3323
49.4272
38.8245
20.4179
1.69168
0.0165628
0.01671
0.0088813
0.00972295
0.0146976
17.2464
25.2303
56.4638
91.1259
86.5251
94.3995
97.6236
99.2886
100.621
104.201
108.699
103.248
99.4082
93.8256
89.6074
88.526
84.4281
85.0947
85.1163
87.285
92.7337
94.8899
83.852
74.2632
39.1961
0.184634
0.0625338
0.0240061
0.0280458
0.0213234
0.0144409
0.016124
0.0122411
0.00721464
0.006248
0.00798498
0.00720837
0.0138808
24.899
64.9861
62.2938
43.86
48.0228
47.5195
48.2088
46.0288
39.5963
42.0816
44.1457
44.7606
22.2225
0.22423
0.0884061
0.0127707
0.0212422
0.0372793
37.8051
80.2156
64.9567
49.1438
47.8019
44.819
45.3209
42.9514
47.9026
50.5797
45.6034
40.1465
18.5026
0.0263303
0.026714
0.0252095
1.82924
3.21122
41.0521
66.732
44.9319
34.4896
31.9633
31.4749
29.7258
28.2963
32.979
35.15
16.9489
0.124597
0.0730633
0.0241471
0.0184711
0.0113115
6.57555
12.8315
32.4508
41.2603
28.3276
27.2501
28.3906
27.3623
26.5484
28.2308
27.6423
16.5127
3.54209
0.0603564
0.0519001
0.0321959
0.0248651
0.0194214
13.1565
23.6782
31.137
51.4766
52.9599
42.4211
38.4311
37.0096
39.7579
38.4322
40.6899
32.0614
8.99037
0.0724928
0.0497538
0.0220894
0.0160628
0.0193464
0.0210327
0.0146677
4.05592
7.42906
31.6446
50.7742
41.55
35.6417
30.8824
28.9292
26.4421
19.3456
7.60262
0.0702979
0.0312374
0.0181764
0.0116722
0.0106159
0.0147775
0.0179782
0.102125
3.45378
36.1865
88.7275
95.3949
74.9956
64.9518
60.4041
59.7421
58.2749
61.6739
67.1881
67.7431
66.0608
70.7394
71.3741
71.2723
74.6208
74.6215
74.5872
72.0247
73.8442
67.3932
51.2717
22.9888
0.230528
0.603131
3.16649
12.2683
22.1318
28.5498
33.1543
32.9885
21.3419
10.6277
12.1792
8.03616
1.496
0.715005
0.146682
0.077125
0.0533854
0.0570442
0.0515056
0.01219
0.0104682
8.78745
26.5497
34.8489
32.5145
35.2776
39.8176
39.7532
48.4797
29.7164
1.12482
0.119839
0.0198686
0.0199886
0.0246627
0.0200718
0.0144224
0.0533386
5.70085
25.5706
36.9873
36.8481
46.3264
52.3477
53.5912
47.1744
20.8708
1.5532
0.0852584
0.0379686
0.0282142
12.9871
35.8632
46.5536
49.8269
45.7538
21.2155
1.79408
4.55667
35.1409
64.0183
62.562
61.9019
56.7558
48.3416
48.5159
47.1164
45.5739
32.947
10.2542
0.168163
0.126696
0.0928198
0.0662666
0.0518318
0.0543738
0.117023
7.46869
23.4029
29.6225
28.0836
35.4129
40.6169
43.3725
45.9556
53.7269
48.6638
17.2939
0.15695
0.129304
0.10476
0.0751675
0.0554586
0.0459416
1.28501
41.9733
78.1683
56.4651
37.3232
35.7658
39.1128
46.1369
48.5978
56.8398
56.0493
23.3928
0.262492
0.230449
0.0439058
0.0366471
0.0329637
0.0303853
0.0208796
4.66675
16.132
34.2787
41.8645
36.3765
39.4827
43.2137
41.8555
38.6141
40.3121
30.6903
9.47398
1.31014
0.040393
0.0512362
0.0568732
0.0516736
0.0530794
9.82047
28.5963
56.4688
66.9117
61.961
63.7968
55.2455
48.0586
50.7984
50.6674
46.241
46.3834
45.6245
44.1937
41.3805
42.0643
38.3562
34.9856
39.0073
43.2589
43.7087
47.1459
49.9637
49.0722
55.2953
56.9084
61.994
69.883
36.1137
0.0457277
0.0638042
0.0808744
0.0440667
0.020655
0.0176484
0.011627
0.0283929
0.0312069
0.0126941
0.00632798
0.00450383
0.00440216
0.00455743
0.00581681
0.00734673
0.00656064
0.00488888
0.00382045
0.00516645
0.00763422
0.00616613
0.00455536
0.00611321
0.00632035
0.00709194
0.00774791
0.00667926
0.00631065
0.00668139
0.00933398
0.00839386
0.00487719
0.00577012
0.0121108
0.0116269
0.00586744
0.00482094
0.00461292
0.00582365
0.00714675
0.0057376
0.00350804
2.29631
2.3038
0.0112459
0.00527237
0.0061044
0.00772034
